541
0.999 0.0
0.996260947684 0.0522642316338
0.988073800367 0.103955845409
0.974528258148 0.154508497187
0.955772728821 0.203368321538
0.932012701892 0.25
0.903508497187 0.293892626146
0.870572412739 0.334565303179
0.833565303179 0.371572412739
0.792892626146 0.404508497187
0.749 0.433012701892
0.702368321538 0.456772728821
0.653508497187 0.475528258148
0.602955845409 0.489073800367
0.551264231634 0.497260947684
0.499 0.5
0.446735768366 0.497260947684
0.395044154591 0.489073800367
0.344491502813 0.475528258148
0.295631678462 0.456772728821
0.249 0.433012701892
0.205107373854 0.404508497187
0.164434696821 0.371572412739
0.127427587261 0.334565303179
0.0944915028125 0.293892626146
0.0659872981078 0.25
0.0422272711787 0.203368321538
0.0234717418524 0.154508497187
0.0099261996331 0.103955845409
0.00173905231586 0.0522642316338
-0.001 6.12323399574e-17
0.00173905231586 -0.0522642316338
0.0099261996331 -0.103955845409
0.0234717418524 -0.154508497187
0.0422272711787 -0.203368321538
0.0659872981078 -0.25
0.0944915028125 -0.293892626146
0.127427587261 -0.334565303179
0.164434696821 -0.371572412739
0.205107373854 -0.404508497187
0.249 -0.433012701892
0.295631678462 -0.456772728821
0.344491502813 -0.475528258148
0.395044154591 -0.489073800367
0.446735768366 -0.497260947684
0.499 -0.5
0.551264231634 -0.497260947684
0.602955845409 -0.489073800367
0.653508497187 -0.475528258148
0.702368321538 -0.456772728821
0.749 -0.433012701892
0.792892626146 -0.404508497187
0.833565303179 -0.371572412739
0.870572412739 -0.334565303179
0.903508497187 -0.293892626146
0.932012701892 -0.25
0.955772728821 -0.203368321538
0.974528258148 -0.154508497187
0.988073800367 -0.103955845409
0.996260947684 -0.0522642316338
1.0 0.0
0.998629534755 0.0523359562429
0.994521895368 0.104528463268
0.987688340595 0.15643446504
0.978147600734 0.207911690818
0.965925826289 0.258819045103
0.951056516295 0.309016994375
0.933580426497 0.358367949545
0.913545457643 0.406736643076
0.891006524188 0.45399049974
0.866025403784 0.5
0.838670567945 0.544639035015
0.809016994375 0.587785252292
0.777145961457 0.62932039105
0.743144825477 0.669130606359
0.707106781187 0.707106781187
0.669130606359 0.743144825477
0.62932039105 0.777145961457
0.587785252292 0.809016994375
0.544639035015 0.838670567945
0.5 0.866025403784
0.45399049974 0.891006524188
0.406736643076 0.913545457643
0.358367949545 0.933580426497
0.309016994375 0.951056516295
0.258819045103 0.965925826289
0.207911690818 0.978147600734
0.15643446504 0.987688340595
0.104528463268 0.994521895368
0.0523359562429 0.998629534755
6.12323399574e-17 1.0
-0.0523359562429 0.998629534755
-0.104528463268 0.994521895368
-0.15643446504 0.987688340595
-0.207911690818 0.978147600734
-0.258819045103 0.965925826289
-0.309016994375 0.951056516295
-0.358367949545 0.933580426497
-0.406736643076 0.913545457643
-0.45399049974 0.891006524188
-0.5 0.866025403784
-0.544639035015 0.838670567945
-0.587785252292 0.809016994375
-0.62932039105 0.777145961457
-0.669130606359 0.743144825477
-0.707106781187 0.707106781187
-0.743144825477 0.669130606359
-0.777145961457 0.62932039105
-0.809016994375 0.587785252292
-0.838670567945 0.544639035015
-0.866025403784 0.5
-0.891006524188 0.45399049974
-0.913545457643 0.406736643076
-0.933580426497 0.358367949545
-0.951056516295 0.309016994375
-0.965925826289 0.258819045103
-0.978147600734 0.207911690818
-0.987688340595 0.15643446504
-0.994521895368 0.104528463268
-0.998629534755 0.0523359562429
-1.0 1.22464679915e-16
-0.998629534755 -0.0523359562429
-0.994521895368 -0.104528463268
-0.987688340595 -0.15643446504
-0.978147600734 -0.207911690818
-0.965925826289 -0.258819045103
-0.951056516295 -0.309016994375
-0.933580426497 -0.358367949545
-0.913545457643 -0.406736643076
-0.891006524188 -0.45399049974
-0.866025403784 -0.5
-0.838670567945 -0.544639035015
-0.809016994375 -0.587785252292
-0.777145961457 -0.62932039105
-0.743144825477 -0.669130606359
-0.707106781187 -0.707106781187
-0.669130606359 -0.743144825477
-0.62932039105 -0.777145961457
-0.587785252292 -0.809016994375
-0.544639035015 -0.838670567945
-0.5 -0.866025403784
-0.45399049974 -0.891006524188
-0.406736643076 -0.913545457643
-0.358367949545 -0.933580426497
-0.309016994375 -0.951056516295
-0.258819045103 -0.965925826289
-0.207911690818 -0.978147600734
-0.15643446504 -0.987688340595
-0.104528463268 -0.994521895368
-0.0523359562429 -0.998629534755
-1.83697019872e-16 -1.0
0.0523359562429 -0.998629534755
0.104528463268 -0.994521895368
0.15643446504 -0.987688340595
0.207911690818 -0.978147600734
0.258819045103 -0.965925826289
0.309016994375 -0.951056516295
0.358367949545 -0.933580426497
0.406736643076 -0.913545457643
0.45399049974 -0.891006524188
0.5 -0.866025403784
0.544639035015 -0.838670567945
0.587785252292 -0.809016994375
0.62932039105 -0.777145961457
0.669130606359 -0.743144825477
0.707106781187 -0.707106781187
0.743144825477 -0.669130606359
0.777145961457 -0.62932039105
0.809016994375 -0.587785252292
0.838670567945 -0.544639035015
0.866025403784 -0.5
0.891006524188 -0.45399049974
0.913545457643 -0.406736643076
0.933580426497 -0.358367949545
0.951056516295 -0.309016994375
0.965925826289 -0.258819045103
0.978147600734 -0.207911690818
0.987688340595 -0.15643446504
0.994521895368 -0.104528463268
0.998629534755 -0.0523359562429
0.997630473842 -0.0261321158169
0.999314767377 -0.0261679781215
0.997630473842 0.0261321158169
0.999314767377 0.0261679781215
0.999657383689 -0.0130839890607
0.998315236921 -0.0130660579085
0.999657383689 0.0130839890607
0.998315236921 0.0130660579085
0.999828691844 -0.00654199453037
0.998657618461 -0.00653302895423
0.999828691844 0.00654199453037
0.998657618461 0.00653302895423
0.999914345922 -0.00327099726518
0.99882880923 -0.00326651447711
0.99882880923 0.00326651447711
0.999914345922 0.00327099726518
0.998914404615 -0.00163325723856
0.999957172961 -0.00163549863259
0.999871518883 -0.00490649589778
0.999871518883 0.00490649589778
0.999957172961 0.00163549863259
0.998914404615 0.00163325723856
0.997972855382 -0.0195990868627
0.999486075533 -0.0196259835911
0.997972855382 0.0195990868627
0.999486075533 0.0196259835911
0.999743037766 -0.00981299179555
0.998486427691 -0.00979954343134
0.998486427691 0.00979954343134
0.999743037766 0.00981299179555
0.999571729611 -0.0163549863259
0.998144046151 -0.0163325723856
0.998144046151 0.0163325723856
0.999571729611 0.0163549863259
0.999785864805 -0.00817749316296
0.999785864805 0.00817749316296
0.999400421455 -0.0228969808563
0.997801664612 -0.0228656013398
0.997801664612 0.0228656013398
0.999400421455 0.0228969808563
0.998972151066 -0.0392519671822
0.996945710763 -0.0391981737254
0.996945710763 0.0391981737254
0.998972151066 0.0392519671822
0.999143459222 -0.0327099726518
0.997288092303 -0.0326651447711
0.997288092303 0.0326651447711
0.999143459222 0.0327099726518
0.997459283072 -0.029398630294
0.999229113299 -0.0294389753867
0.997116901533 -0.0359316592483
0.999057805144 -0.035980969917
0.997116901533 0.0359316592483
0.999057805144 0.035980969917
0.999229113299 0.0294389753867
0.997459283072 0.029398630294
0.996603329224 -0.0457312026796
0.99880084291 -0.0457939617126
0.996603329224 0.0457312026796
0.99880084291 0.0457939617126
0.998886496988 -0.0425229644474
0.996774519993 -0.0424646882025
0.996432138454 -0.0489977171567
0.998715188832 -0.0490649589778
0.996432138454 0.0489977171567
0.998715188832 0.0490649589778
0.998886496988 0.0425229644474
0.996774519993 0.0424646882025
0.992167374026 -0.0781100385214
0.996575715061 -0.0784322097553
0.996575715061 0.0784322097553
0.992167374026 0.0781100385214
0.997602624908 -0.0653840829991
0.994214160855 -0.0651871350776
0.997602624908 0.0653840829991
0.994214160855 0.0651871350776
0.995237554269 -0.0587256833557
0.998116079831 -0.058860019621
0.995237554269 0.0587256833557
0.998116079831 0.058860019621
0.99319076744 -0.0716485867995
0.997089169985 -0.0719081463772
0.99319076744 0.0716485867995
0.997089169985 0.0719081463772
0.995548805215 -0.0914803365115
0.990120587196 -0.0910329419651
0.990120587196 0.0910329419651
0.995548805215 0.0914803365115
0.996062260138 -0.0849562731334
0.996062260138 0.0849562731334
0.981301029257 -0.129232171298
0.991105117982 -0.130481464154
0.981301029257 0.129232171298
0.991105117982 0.130481464154
0.992813506675 -0.117504963711
0.992813506675 0.117504963711
0.982917970664 -0.182173077929
0.982917970664 0.182173077929
-0.622823348139 -0.591037288707
-0.844245589693 -0.156471671281
-0.156471671281 -0.844245589693
0.156471671281 -0.844245589693
-0.774980770269 0.36964686573
-0.448629450501 0.732096725695
0.0960458722889 0.497606906525
0.36964686573 -0.774980770269
0.557631237149 -0.652902292067
0.657428914838 -0.591264759562
0.761361121477 -0.514912693247
0.465489263822 0.639422937516
0.712063126545 0.555048421052
-0.635944239233 -0.670145400091
-0.448629450501 -0.732096725695
-0.0987719644199 -0.229463158293
-0.754572863867 -0.409699637229
-0.715210870091 -0.548800602717
-0.898335060324 -0.215671166521
-0.851277674995 0.112072832054
-0.898724537299 -0.0707311550506
-0.120588113949 -0.915957662477
0.0462392119119 -0.452760788088
-0.289281499163 -0.816905753054
-0.215671166521 -0.898335060324
0.215671166521 -0.898335060324
0.208309680072 -0.57051187574
0.0226852943268 -0.86631643904
0.120588113949 -0.915957662477
-0.853536661471 0.353546461164
-0.133417286004 0.100165057895
-0.652902292067 0.557631237149
-0.768658153753 0.47103432243
-0.200441632534 0.834899485912
-0.331638592669 0.800646388228
-0.440828572224 0.811905230053
-0.523280873197 0.761378395033
0.182098886674 0.487984921405
0.156471671281 0.844245589693
-0.0380011395621 0.348732617587
0.0875661662274 0.411433833773
0.440828572224 -0.811905230053
0.398834942105 -0.632417286004
0.353546461164 -0.853536661471
0.635944239233 -0.670145400091
0.52919289464 -0.57611474963
0.562411201313 -0.732948547522
0.529451953926 0.581057895263
0.545355958263 0.710721722039
0.414351333523 0.763140222672
0.335971766541 0.608429650337
0.663431764527 0.629573236969
-0.551414935783 -0.718617935276
-0.440828572224 -0.811905230053
-0.0194368753303 -0.264156781937
-0.0630290689098 -0.150595235137
-0.787721357286 -0.48271626858
-0.83288069861 -0.344990481203
-0.92101346859 0.0724853319865
-0.876594956495 0.210451829371
0.132826590198 -0.452186502563
0.0468134974373 -0.366173409802
-0.354912682038 -0.856835010433
0.290481706433 -0.54320872636
-0.0242773272783 -0.927113724608
-0.0630290689098 0.150595235137
-0.130029478362 -0.0329660380645
-0.732948547522 0.562411201313
-0.620554108756 0.653927586468
-0.262390821091 0.885816566612
-0.0679937041655 0.863941925898
-0.168360372274 0.908391280079
0.289281499163 0.816905753054
0.215671166521 0.898335060324
0.120588113949 0.915957662477
-0.0194368753303 0.264156781937
0.408700462072 0.570128844366
0.292137271612 0.538895831615
-0.0774444908364 0.0302101756447
-0.0242773272783 0.927113724608
0.354912682038 0.856835010433
-0.0654457326584 -0.843531498601
0.158364174545 0.665329658034
0.257646236359 -0.792953580058
0.471063461054 -0.698237534568
-0.363393508538 -0.764050843208
-0.129723984073 -0.408298129282
-0.200874810961 0.268656768955
0.0422957077543 0.831947601865
0.148118393764 0.573697805569
0.241556997017 0.619365570498
-0.0362815383382 -0.408917880626
-0.0922836883988 -0.322682131849
-0.14645210879 0.19269596166
-0.109603160409 0.288690754132
-0.690927500489 -0.617845214465
-0.915963180639 -0.141862509786
-0.722470491053 -0.0189185556148
-0.824414470464 0.423620467941
-0.506704134364 -0.776311945089
-0.483141527835 -0.596630098927
-0.827294825245 -0.417967453389
-0.681264113153 -0.241248275266
-0.914970678022 0.148128924689
-0.692956423541 0.205263044073
-0.686682183589 0.622560116543
-0.469367891044 0.549559191576
0.0280926058148 -0.663565519367
0.47256057225 -0.62405419029
0.397506920722 -0.706415077858
0.282169929423 -0.667334338578
-0.201663489733 -0.615663096854
-0.0304778649644 0.640056218682
0.299873956035 0.709811614678
-0.285276909845 -0.289279660565
-0.328283201023 0.119897867528
-0.196018562844 0.464459030092
-0.803144486344 -0.0701782698765
-0.843247741379 0.0167119398089
-0.492927170254 -0.671252670656
-0.742149519237 -0.314928796087
-0.8071405327 -0.244683883299
-0.785522075292 0.181441794351
-0.79681198588 0.27647188181
-0.559973961232 0.579995877787
-0.517685381826 0.665843741216
0.00204447949213 -0.764318388568
-0.0583015137158 -0.549945075783
-0.266801442838 -0.70699812335
0.0505460257733 0.584607822837
-0.192882748566 -0.32968408054
-0.228426684693 0.13396464891
-0.174398499854 0.365961461248
-0.739197216129 -0.153570848638
-0.5836521719 -0.383905635392
-0.750474331296 0.0823699456682
-0.567569018915 0.407306768194
0.0807041953733 -0.801487943482
-0.0962802140304 -0.685154421632
-0.0228643451651 -0.483245536341
0.0520254302002 -0.559442299024
0.059643058534 0.684823070542
-0.0633011408295 0.505171031485
0.0145086041755 0.462126683099
-0.202662004386 -0.226203991997
-0.308944942355 -0.469244800851
-0.291033792856 0.216935201376
-0.26081347691 0.00240883668624
-0.571875197215 -0.105990802872
-0.652978812922 -0.326618028789
-0.629089639855 -0.482582549491
-0.576638592154 0.0759159108623
-0.538930876902 0.4925588054
-0.675975186689 0.414363655533
-0.11153588297 -0.770314678238
-0.1792135145 -0.714244275194
0.124674965626 0.754441281573
-0.0284273550202 0.749023722233
-0.0213929981904 0.566409246197
-0.113159359588 0.431024926683
-0.225519789972 -0.420582773868
-0.345807326185 0.379959060272
-0.202039555632 0.0577041453524
-0.335222670651 -0.138220689523
-0.647998203207 -0.156289290345
-0.528870676071 -0.247020119066
-0.664578960463 0.0516025091052
-0.476274191689 0.232374763461
0.2135452924 0.737115246461
-0.3062262895 -0.37806342789
-0.223801093087 -0.519371445605
-0.284431032868 0.309867094034
-0.257956680423 0.399242140224
-0.439165685319 0.441753218058
-0.284146201063 -0.205119349529
-0.21627503438 -0.110818046122
-0.403552006836 -0.243336987653
-0.147245606877 -0.159961641591
-0.650975298433 -0.0690311917441
-0.577602838552 -0.0151250626285
-0.57499948528 -0.184014913331
-0.4669891989 -0.14926531824
-0.605805315819 -0.263617459859
-0.640446110913 0.135509865398
-0.549501503098 0.168928193667
-0.385902000695 0.197683882171
-0.444126399398 -0.419583030784
-0.14421137664 -0.551764204241
-0.324231611801 0.524205643933
-0.440248376059 0.0289457618918
-0.586814215201 0.285974123654
-0.376501486433 0.29116342972
-0.368244689487 -0.421845510725
-0.384926469135 -0.332399020601
-0.409149209308 -0.520113144289
-0.314937323013 0.449078560714
-0.416846142911 0.114529353225
-0.516254061666 0.0297507643626
-0.479158640331 -0.0563274873875
-0.31618879381 -0.591302085227
-0.398012680321 -0.645746390164
-0.476318848117 0.158445107019
-0.405282114566 -0.0939196257949
-0.329322627079 -0.0513422172592
-0.326718230762 -0.664185850063
0.693970355693 -0.532092317479
0.0399764951936 0.349655309244
0.596319306857 -0.558225380879
0.47067607282 0.713994327813
0.617227028753 0.688820490853
0.609385069211 0.56957163932
-0.879974607137 -0.287602475369
-0.925779636805 -0.00159910007881
-0.880962905337 0.284560806269
0.199241160686 -0.493057858167
0.131922682259 -0.54019757386
0.133713933597 -0.64708233299
0.163344449756 -0.743557249326
0.0856346621563 -0.720611414657
0.205113644835 -0.677940905357
0.366275659937 -0.561556464483
-0.0690537676789 -0.0761308643092
-0.583854737228 0.718459559655
0.280431608423 -0.863079744546
0.0469653636722 0.906082734403
0.306144708058 -0.73721816119
0.382445887359 0.682094540969
0.342386640609 0.768087363295
-0.550524721924 -0.532451626489
-0.706374564502 -0.471180457202
-0.660291658064 -0.406059321117
-0.693026856483 0.490601492881
-0.615716401794 0.470916721446
-0.119425993334 0.781963332696
-0.23400472095 0.695070282843
-0.192240291032 0.758988262902
-0.130721012331 0.673187593208
-0.0428054022675 0.419812300703
0.218316796389 0.808425401126
-0.202069539758 -0.0398570664202
-0.467018633212 -0.217710424316
-0.398764017186 -0.171682951718
-0.401414933028 0.510462829628
-0.495422048912 0.333670553155
-0.625452661199 0.354295378947
-0.706130412135 0.304369936674
-0.614771285353 0.212591407858
-0.481215938312 -0.330707332266
-0.483049295954 -0.489475196232
-0.204093462742 0.581563092904
-0.423048874377 0.364682638494
-0.295350785622 0.618209770722
-0.327360444848 0.706670092211
-0.400608705239 0.630143406337
-0.248311527426 0.519683606918
-0.142592249193 0.52697347004
-0.100263521155 0.597125747128
0.771805106599 0.506522933848
-0.0422463748994 -0.627393329683
-0.213970952418 -0.787314419466
-0.102746123982 -0.483486904445
-0.172864126311 -0.469075972348
-0.351769065715 0.0344172295061
804
291 135 136
431 310 282
373 133 134
419 390 407
520 384 451
133 295 132
278 373 291
383 345 309
142 143 340
491 115 337
114 491 113
295 133 373
377 140 331
400 297 413
336 396 297
330 291 137
377 330 138
282 307 401
402 403 346
340 143 144
124 125 296
327 505 504
374 122 123
284 367 407
352 87 88
122 374 298
296 279 374
351 86 352
334 130 131
283 312 313
349 347 311
132 295 334
128 379 335
500 104 346
103 500 102
379 128 129
127 128 335
98 313 312
355 18 354
130 334 379
144 301 340
466 531 520
299 147 148
492 39 338
299 302 147
342 359 299
497 495 361
302 145 146
302 299 280
404 359 305
306 151 152
156 501 155
144 302 301
153 306 152
303 306 154
331 292 377
432 280 359
154 306 153
537 302 280
305 342 151
157 321 501
155 303 154
135 291 373
363 292 331
223 232 233
29 356 30
197 0 196
333 293 332
452 392 422
208 209 186
190 191 199
291 330 397
234 235 182
338 38 339
303 361 281
226 233 232
180 229 181
34 33 332
302 144 145
194 195 199
194 201 195
34 332 35
37 339 38
227 235 234
41 492 341
415 306 281
151 306 305
121 122 298
246 247 222
381 118 336
119 336 118
381 337 116
237 241 236
240 221 241
307 112 113
238 239 245
376 307 282
337 115 116
238 245 244
236 243 237
381 116 117
376 310 110
222 223 246
239 247 246
110 111 376
61 1 244
119 490 336
242 179 243
257 59 256
310 109 110
108 345 107
383 346 105
252 256 253
255 254 263
109 310 345
266 267 62
346 104 105
106 383 105
259 254 258
262 263 250
101 314 313
313 100 101
1 259 258
59 257 179
383 107 345
256 252 257
23 318 484
249 260 248
298 490 121
248 268 249
484 25 24
192 196 193
371 308 343
25 484 353
0 60 200
22 318 23
187 213 212
343 356 28
202 216 203
205 204 212
99 313 98
100 313 99
204 205 219
235 227 226
20 315 21
21 315 22
207 214 189
315 318 22
229 180 228
19 355 20
98 312 97
95 96 347
255 263 262
253 261 252
349 93 94
349 95 347
178 265 58
268 265 264
347 97 312
250 251 262
351 352 316
357 90 91
58 274 178
251 250 269
357 92 348
92 357 91
270 177 271
62 2 266
265 268 248
349 92 93
367 284 315
269 266 251
315 284 318
260 249 261
28 27 343
254 255 258
243 236 242
403 283 314
321 157 158
339 37 36
158 159 319
149 342 148
336 297 381
319 321 158
150 151 342
159 160 319
162 163 324
400 401 337
453 455 344
324 286 362
165 322 164
126 489 125
379 334 294
164 322 324
489 127 335
285 321 319
395 298 279
166 287 322
186 187 208
386 362 286
195 201 200
387 320 388
41 40 492
204 219 218
226 227 233
44 43 498
483 485 287
45 323 46
485 483 48
223 222 232
228 224 229
483 288 49
50 49 288
179 242 59
168 288 167
183 182 218
167 287 166
203 211 202
428 295 278
215 208 191
288 169 170
506 428 278
52 51 171
170 51 288
50 288 51
210 185 211
31 499 32
288 483 167
171 172 52
359 280 299
331 140 141
52 172 53
54 53 173
173 53 172
136 137 291
54 173 174
330 137 138
171 51 170
32 333 33
189 198 193
174 55 54
55 174 175
55 175 56
220 230 221
176 276 56
176 56 175
57 276 177
225 231 224
74 329 73
182 183 234
270 271 274
327 80 81
264 265 178
177 270 57
240 241 237
260 261 253
211 203 210
184 207 185
168 169 288
230 220 231
355 354 328
221 240 220
74 75 329
231 225 230
398 399 335
181 217 180
326 486 289
215 209 208
193 198 192
0 197 60
15 14 325
325 354 15
214 207 206
354 17 16
189 214 188
185 210 184
11 10 535
12 11 290
325 289 354
207 184 206
12 290 488
488 290 329
535 290 11
198 189 188
196 192 197
487 329 75
2 62 275
85 351 84
352 86 87
86 351 85
332 33 333
63 3 272
270 274 58
358 84 350
488 487 325
77 78 326
339 35 332
296 374 124
81 82 358
327 79 80
278 291 397
3 63 277
344 499 356
79 327 486
487 77 326
56 276 57
302 146 147
17 354 18
3 277 4
219 183 218
4 65 5
65 4 64
501 361 303
5 65 66
277 64 4
216 202 217
212 213 205
191 190 215
324 322 286
269 267 266
272 273 63
272 275 273
259 1 61
324 163 164
485 46 323
239 238 247
200 201 0
386 44 498
70 9 69
191 194 199
69 9 8
71 535 70
73 290 72
72 290 535
26 25 353
342 149 150
307 376 112
70 535 9
67 7 6
213 187 186
66 6 5
67 6 66
68 69 8
68 7 67
95 349 94
314 283 313
308 356 343
68 8 7
217 181 216
102 314 101
42 41 341
224 228 225
61 244 245
39 38 338
49 48 483
306 303 281
363 406 482
275 272 2
421 318 284
318 421 484
160 161 319
161 162 324
42 341 498
319 362 387
321 285 361
501 156 157
166 322 165
287 286 322
323 45 44
485 286 287
323 386 286
161 324 319
488 14 13
290 73 329
79 326 78
325 326 289
83 84 358
355 328 368
505 391 504
18 355 19
75 76 487
488 325 14
377 138 139
330 292 397
340 141 142
331 340 363
339 370 369
300 338 339
30 356 499
32 499 333
132 334 131
507 334 295
335 294 398
489 296 125
490 119 120
396 298 395
337 297 400
491 307 113
493 300 418
493 338 300
35 339 36
370 332 293
363 340 301
141 340 331
388 341 304
341 388 498
359 342 305
148 342 299
353 27 26
371 343 372
410 394 450
411 395 279
109 345 108
509 345 310
346 309 402
500 314 102
97 347 96
312 311 347
511 435 348
502 366 352
311 348 349
92 349 348
446 516 434
83 358 82
516 351 316
84 351 350
89 502 88
90 357 502
372 353 317
27 353 343
354 16 15
504 354 289
368 391 446
20 355 315
356 29 28
440 356 308
366 357 348
502 89 90
505 358 350
81 358 327
415 404 305
438 364 408
315 368 367
366 316 352
387 388 503
495 415 281
387 362 320
319 324 362
432 404 416
369 300 339
539 438 448
406 363 301
410 365 372
523 282 401
435 390 419
366 419 434
368 315 355
360 419 407
391 368 328
367 368 360
370 339 332
539 465 538
293 422 408
369 370 364
372 343 353
365 424 409
533 437 420
371 372 365
373 134 135
278 295 373
374 123 124
279 298 374
399 279 296
308 409 440
376 111 112
282 310 376
377 139 140
292 330 377
406 389 482
370 408 364
379 129 130
294 335 379
294 334 507
422 453 452
381 117 118
297 337 381
409 308 371
393 409 424
383 106 107
309 346 383
384 402 430
390 436 407
300 417 418
300 369 417
44 386 323
320 362 386
388 320 498
319 387 285
494 304 493
285 503 361
433 537 432
417 405 418
511 311 513
421 407 436
391 328 504
446 434 360
392 408 422
398 427 380
456 457 444
411 442 456
511 513 514
449 424 365
279 399 411
375 413 396
396 336 490
375 396 395
478 477 472
278 397 378
508 294 507
380 411 399
399 296 489
380 399 398
297 396 413
431 523 522
401 307 491
382 401 400
510 309 509
384 531 403
403 314 500
384 403 402
305 306 415
416 404 385
369 538 417
465 416 536
301 302 537
477 448 423
360 407 367
436 390 534
293 408 370
438 408 447
365 409 371
393 425 440
317 410 372
469 439 528
442 411 380
375 395 411
472 470 464
519 452 441
444 413 375
382 400 413
345 509 309
524 461 462
494 385 496
404 415 496
536 416 385
389 406 433
538 369 364
405 536 418
418 494 493
494 418 385
434 419 360
435 419 366
437 394 410
421 515 484
407 421 284
420 437 515
455 293 333
440 344 356
438 447 423
477 389 448
410 450 449
474 479 475
444 461 413
441 452 453
458 442 460
429 457 475
508 398 294
412 443 460
506 278 378
412 427 508
474 393 463
393 424 463
510 402 309
468 521 414
523 468 522
414 430 510
404 432 359
433 432 416
389 433 416
406 301 537
368 446 360
366 434 316
366 348 435
511 348 311
534 390 514
421 436 420
410 317 437
515 437 317
447 408 392
448 438 423
473 394 532
451 384 430
393 440 409
440 425 517
474 540 393
426 442 458
460 380 427
456 442 426
471 464 470
458 443 518
444 375 456
461 444 429
439 469 449
445 468 462
391 350 446
516 446 350
471 392 454
454 525 471
477 423 472
448 389 465
410 449 365
469 463 424
439 473 451
449 450 439
414 451 430
473 439 450
455 422 293
426 458 459
344 517 453
517 481 453
412 464 525
392 452 454
455 333 499
422 455 453
456 426 457
411 456 375
459 476 426
444 457 429
460 442 380
458 518 459
519 459 518
480 481 467
412 460 427
458 460 443
462 461 429
413 461 382
474 467 540
521 468 445
469 424 449
479 445 462
412 428 506
423 447 470
416 465 389
405 417 538
534 527 533
529 466 532
459 519 480
459 480 476
431 522 414
524 468 523
528 439 451
445 463 469
471 470 447
464 526 472
392 471 447
518 525 454
478 378 397
423 470 472
394 473 450
473 466 520
479 463 445
479 429 475
457 426 476
474 475 467
467 475 476
476 475 457
478 472 378
389 477 482
397 292 478
363 478 292
479 462 429
463 479 474
481 480 441
467 476 480
453 481 441
425 393 540
477 478 482
363 482 478
485 48 47
167 483 287
353 484 317
23 484 24
46 485 47
286 485 323
79 486 326
504 486 327
77 487 76
325 487 326
488 13 12
487 488 329
127 489 126
399 489 335
121 490 120
396 490 298
115 491 114
401 491 337
341 492 304
39 492 40
304 492 493
338 493 492
385 404 496
304 494 497
281 361 495
361 503 497
415 495 496
494 496 495
304 497 388
494 495 497
498 320 386
42 498 43
499 31 30
455 499 344
104 500 103
403 500 346
501 303 155
321 361 501
502 352 88
357 366 502
387 503 285
497 503 388
354 504 328
486 504 289
358 505 327
350 391 505
526 378 472
506 526 412
295 428 507
428 412 508
508 427 398
428 508 507
310 431 509
431 414 510
510 430 402
431 510 509
312 512 513
435 511 514
512 530 529
532 527 529
312 513 311
514 513 512
514 512 527
514 390 435
484 515 317
420 515 421
351 516 350
434 516 316
440 517 344
481 517 425
518 443 525
519 518 454
452 519 454
480 519 441
473 520 451
531 466 529
469 521 445
451 414 521
523 431 282
468 414 522
401 382 523
523 382 524
461 524 382
462 468 524
412 525 443
464 471 525
412 526 464
378 526 506
527 512 529
527 532 533
451 521 528
469 528 521
530 512 312
530 531 529
312 283 530
531 384 520
530 283 531
403 531 283
473 532 466
533 532 394
437 533 394
420 436 534
527 534 514
534 533 420
535 10 9
72 535 71
418 536 385
465 536 405
432 537 280
406 537 433
364 438 539
405 538 465
465 539 448
364 539 538
467 481 540
425 540 481
180
0 1
1 2
2 3
3 4
4 5
5 6
6 7
7 8
8 9
9 10
10 11
11 12
12 13
13 14
14 15
15 16
16 17
17 18
18 19
19 20
20 21
21 22
22 23
23 24
24 25
25 26
26 27
27 28
28 29
29 30
30 31
31 32
32 33
33 34
34 35
35 36
36 37
37 38
38 39
39 40
40 41
41 42
42 43
43 44
44 45
45 46
46 47
47 48
48 49
49 50
50 51
51 52
52 53
53 54
54 55
55 56
56 57
57 58
58 59
59 0
60 61
61 62
62 63
63 64
64 65
65 66
66 67
67 68
68 69
69 70
70 71
71 72
72 73
73 74
74 75
75 76
76 77
77 78
78 79
79 80
80 81
81 82
82 83
83 84
84 85
85 86
86 87
87 88
88 89
89 90
90 91
91 92
92 93
93 94
94 95
95 96
96 97
97 98
98 99
99 100
100 101
101 102
102 103
103 104
104 105
105 106
106 107
107 108
108 109
109 110
110 111
111 112
112 113
113 114
114 115
115 116
116 117
117 118
118 119
119 120
120 121
121 122
122 123
123 124
124 125
125 126
126 127
127 128
128 129
129 130
130 131
131 132
132 133
133 134
134 135
135 136
136 137
137 138
138 139
139 140
140 141
141 142
142 143
143 144
144 145
145 146
146 147
147 148
148 149
149 150
150 151
151 152
152 153
153 154
154 155
155 156
156 157
157 158
158 159
159 160
160 161
161 162
162 163
163 164
164 165
165 166
166 167
167 168
168 169
169 170
170 171
171 172
172 173
173 174
174 175
175 176
176 177
177 178
178 179
179 60
